52 1xnnx 11111111.

111, 11131111 de, 25.
Η1111111,011111111 111111111131111111, 32.
11111, (1111111111 filiun, 87.

1111111111, 1111111111 vel 1111111 de, 8.
111111, 1111111111 1111111111 de, 41.
1111111111, 25.

Η131,5, 6. 12. 17.

1111111111, 1111111111 111, 9.

11111111, 1111111111 111, 6.

1111111111, 1111111111 filius. 25.
Η1111111ο1, 1111111111 111, 2.
lluutingseld, Rogelun 111, 45.

1111111111, (1111111111 de, 35. 40.

1111111111, 1111111111 111, 22.
1111111111, 0111111111, 85. 40.
1111111111 Saum 1111111111, 12.
1111111111, lohannes, 9.
landatur llcgls, 38.

11611111, 84.

lohannes. 46.

-—- (1111111111 8111111111. 3. 15.
--- 1111111 11111111, 3.
·--- 11111111 6111111]111,16.
11111111 (1111111111, 38.

11111111, Μ1111111111, 16.
1111111111,1·1’111 1111111111.
1111111111, 1111111111111, 44.
--,(111111111 111, 44, 45.
1111111111ιί, ,1111111111 111, 10.
1111111, 11111111111111, 82.

langeford, 1113111111, 42.
11131111, 1111111111, 21. 28.
1111131101, 30.

111111111111111111111 111, 38. 42.
1111111111, willelmus 111, 24.

latebam, 0111111111, 22.

laurentius, llcdrlbrll' Ακ1111111111,’1.
L· 111111, ride 11111.

leolum, 1311111111 de. 25.
1111111111111111111111, 16.

11111 lm ⁹·

11111111, 1111111ὴί1161, 28.

1111111 111111111111111 filii 1111111111, 32.
11111111, Amici· 111, 27.

-η lohannes (11, 27.

1111111111. 1311111111, 7, 8. 11.
11111111, Alma 11111 Falconis 111, 13.
1111111, Aviti· 111 11111111 111, 38.
-, 1111111111 de, 38, 39.
1111111111, 8111111 de, 17.

1111111113, 11131111 111, 17.
--,11’111111111 de. ll.
Luco, Μ1111111 vis-dea, 22.
Lucy 111 Luci. (111111ῐί111 de. 40.
----, umbertus 111, 40.
---, 1111111111 de, 40.
, 1111111111 de, 30. 41.

11111111, Manli: 11111 walteri 11111 Ro·

111111 11 uxor ll'illelmi 111, 36.

,ll-bille. 1111111111 1111111,82.
Μ11111111111, 1111111111, 17.
---,1111)11111, 17.

111111, (1111111111, 46.
-·,11’111111111, 46.

11111111, 42.

1111111, 1111111111, 14.

1111111111, 1111111111, 14. 20.
1111111111, (omilim, 33.

1111111, 1111111111 de, 80.
11111111111111111111, 16.

1111111111, (illelmus, 42.

—·‚ 111111111111, 18. 15. 20. 28.
1111111* 111 111111, 87.
1111111111111111111, 19. .
1111111111, 111111 14, 15. 20, 21. 23.
---, 111111111111 1111111111, 21.
111111, 11111111111111, 26.

Hercle, 1)1111111111. 4.

11111111, 11111 ’11111111

,1111111111 (11111111, 25.

1111111111( Klrclcsled, 10.

--. ,1111111 Sancte 1111111111, 40.
—-· 8111111 Albani, 35.
,nonasterium 111 1511111111, 15.

Monte, 6111111111111, 15.

11111111. (31111111111111111, 22.
1101111111, 11110111, 8. 5. 42.
11111111, 1111111111,14, 15.
11116111111. 13111111, 25. 28.
1111111111, Regem· 111, 3.
-—— ...... 111, 8.
1111111111111, 1131111121. 26. 28, bu.
----. Η1111111111111,28. 39, 34.
-—--‚ 1111111111 111, 26, 27.
---- -, 81111111, 33.
---, 5111111111, 32.
----, 1111111111111111, 26, 21.
1111111111611111111111111, 44, 45.

---, Margum (11, 45.
1111111111, 1111111111, 10. 36.

Nulli. (1111111111 de, 8.
--, 1111111111 111, l.

 

