1101100913.
11191009, 31.
1111οο1132.
0111110013.
11110, 45. ,
1111911, 40.
1119000, 15.
01019101901, 7.
11111119, 31.
Β9119919119, 7.
Β91901009, 451
1111109100, 45.
8901030009, 44.
11990944.
Β11110101111, 16.
0111119001, 17.
89190919, 28.
Β911991010, 3.
Β9190909, 39.
Β11111010, 16.
Β913909, 23.
0911990909, 43.
8910909119, 13.
Benene, 11. (bis) 45.
0111039111, 2.

8109119, 30.
111199099090,
3109091090, ’
0191909119 Parva, 15.
Β11039019,(111) 10, 11.
1100909111, 27, 28.
0011191190, 22.
00990919, 33.
801011018909101, (119) 4.
Β910101111, 35.
31111911, 9.
0190999100, 14.
1119011009, (bis) 10.
Β190199100, 14.
Β110100,12.
Bukeswurthe, 44.
Βο11103090, 23.
0011190111111, 161821.
0011111111, 21.
Βο1111001, 22.
0009101114.
Βο0101Ῥ,25.
Βο1901,38.
1101009021.
Βο11009, 19. 22.
0901119119, 37.
01009119, 32. -
0101110911111, 44·
Carlebi, 11.
0111111111, 13.

INDEX LOCORUM.

.-

0911010, 5, 11139.
0911191010, 40.
0991191090, 21.
0010919, 35.
0111191111, 17.
009100019, 21.
0111011190101, 43.
0101110101, 44.
0003990919, 12.
0011909009, 3.
0011199190, 10.
00091010, 45.
0191911010, 34. (bis.)
01119003, 40.
011111, 14.
0111101, 16.
Cloptone‚ 32.
00911, 45.
0011990009, 16.
0019991019, 42.
00190919, 32.
0019111, 8.
019191910109, 33.
0111111110, 28.
01911, 30.
Crendon‚ 22.
01090010, 9.
01011100, 9.
1)900910, 32.
11901009, 1.
111090, 38.
Diade, 36.
1100911190, 27.
00001009, 8.
Dunitone‚ 17.
1100119019, 12.
90091009, 2.
0001910919, 41.
D'untone, 20.
0091111191, 19.
Duvercurt, 38.
Εο019990119 Archiepiscopa·
tus, 2. 5. 6.
1010331919, 22.
01191019, 33.
Eineford, 30. (his.)
Einesham‚ 15.
Ε19, 22.
Rsintone‚ 23.
Esselia, 13.
011111, (bis) 37. 42·
Estudelesorde‚ 40.
1111909, 21.
Ε109101909, 23.
Ε1009, 13.

Enyo, 45.
Εγ9, 34.
1911911909, 42.
1901190110, 37.
1019099199, 14.
1911090, 32.

1911103010 Parva, 34. (bis.)

Faxtone, 13.
1191119119, 7.
11111, 17.
10109, Castellum de 11, 7.
F 0190919, 45.
11111009, 15.
0111110, 30.
1191931919, 32.
Glaptorn, 13.
Glemona, 13.
0190991909, 40.
Η9911911919, 39, 40.
Hacunbi, 6.
11900009, 14.
Η939091, 23. (Honor.)
11919, 24.

Η919, 19, 24.
Η910391, 26.
0110110110, 9.
1191190100, 9.
1191191010, 9.
Η9Ιο9090, 37.
11911103900119, 42.
Η90910110, 9.
1111911911, 28.
Η911191000, 9.
Η999111131910, 45.
1199000, 43.
1199090, 41.
Η919, 43.
1191199ου09, 25.
Η9101111090, 44.
Η9091010, 25.
1190991909, 28.
1190103901, 8.
Η1019101101, 38.
Η91099911, 26.
Η19010101, 36.
1191191009, 45.
1191ρί03090, 29.
1190910919, 32.
Η1111101011111, 35.
Η9019, 18.
Ηο991119, 17.
1109009119, 36.
Ηο911111111, 13.

1101119111, 35.
1101900909, 36.

 

